/*********************************************
 * OPL 12.6.0.0 Data
 * Author: Adrian Rodriguez Bazaga, Pau Rodriguez Esmerats
 * Creation Date: 05/01/2018 at 02:22:24
 *********************************************/

maxConsec=4;
maxPresence=16;
maxHours=10;
minHours=1;
hours=192;
demand= [34 40 40 22 40 6 34 6 34 6 34 6 34 6 34 6 0 0 0 0 0 0 0 0 0 0 0 0 0 0 0 0 0 0 0 0 0 0 0 0 0 0 0 0 0 0 0 0 0 0 0 0 0 0 0 0 0 0 0 0 0 0 0 0 0 0 0 0 0 0 0 0 0 0 0 0 0 0 0 0 0 0 0 0 0 0 0 0 0 0 0 0 0 0 0 0 0 0 0 0 0 0 0 0 0 0 0 0 0 0 0 0 0 0 0 0 0 0 0 0 0 0 0 0 0 0 0 0 0 0 0 0 0 0 0 0 0 0 0 0 0 0 0 0 0 0 0 0 0 0 0 0 0 0 0 0 0 0 0 0 0 0 0 0 0 0 0 0 0 0 0 0 0 0 0 0 0 0 0 0 0 0 0 0 0 0 0 0 0 0 0 0  ];
nNurses=64;
