/*********************************************
 * OPL 12.6.0.0 Data
 * Author: Adrian Rodriguez Bazaga, Pau Rodriguez Esmerats
 * Creation Date: 05/01/2018 at 18:59:12
 *********************************************/

maxConsec=4;
maxPresence=16;
maxHours=10;
minHours=1;
hours=160;
demand= [30 40 40 19 40 10 30 10 30 10 30 10 30 10 30 10 0 0 0 0 0 0 0 0 0 0 0 0 0 0 0 0 0 0 0 0 0 0 0 0 0 0 0 0 0 0 0 0 0 0 0 0 0 0 0 0 0 0 0 0 0 0 0 0 0 0 0 0 0 0 0 0 0 0 0 0 0 0 0 0 0 0 0 0 0 0 0 0 0 0 0 0 0 0 0 0 0 0 0 0 0 0 0 0 0 0 0 0 0 0 0 0 0 0 0 0 0 0 0 0 0 0 0 0 0 0 0 0 0 0 0 0 0 0 0 0 0 0 0 0 0 0 0 0 0 0 0 0 0 0 0 0 0 0 0 0 0 0 0 0  ];
nNurses=64;
