/*********************************************
 * OPL 12.6.0.0 Data
 * Author: homero
 * Creation Date: 05/11/2017 at 20:28:10
 *********************************************/
nNurses=4;
minHours=1;
maxHours=24;
maxConsec=4;
maxPresence=8;

// rest condition
demand=[1 1 0 1 1 1 0 1 1 0 0 1 0 1 1 1 0 0 0 1 1 0 1 1]; 
 
 
/*

w = [        [0 0 0 0 0 0 0 0 1 1 0 1 0 1 1 1 0 0 0 0 0 0 0 0]
             [1 1 0 1 1 1 0 1 0 0 0 0 0 0 0 0 0 0 0 0 0 0 0 0]
             [0 0 0 0 0 0 0 0 0 0 0 0 0 0 0 0 0 0 0 1 0 1 0 1]
             [0 0 0 0 0 0 0 0 0 0 0 0 0 0 0 0 0 0 0 0 1 0 1 0]];
             
             
e = [16 8 24 24];
s = [9 1 17 17];
f = [[6 6 6 6 6 6 6 6 6 5 4 4 3 3 2 1 0 0 0 0 0 0 0 0]
             [6 5 4 4 3 2 1 1 0 0 0 0 0 0 0 0 0 0 0 0 0 0 0 0]
             [3 3 3 3 3 3 3 3 3 3 3 3 3 3 3 3 3 3 3 3 2 2 1 1]
             [2 2 2 2 2 2 2 2 2 2 2 2 2 2 2 2 2 2 2 2 2 1 1 0]];
a = [[-9007199254740991 0 0 0 0 0 0 0 -1 0 1 -1 1 -1 0 0 1 0 0 0 0 0 0 0]
             [-9007199254740991 0 1 -1 0 0 1 -1 1 0 0 0 0 0 0 0 0 0 0 0 0 0
             0 0]
             [-9007199254740991 0 0 0 0 0 0 0 0 0 0 0 0 0 0 0 0 0 0 -1 1 -1
             1 -1]
             [-9007199254740991 0 0 0 0 0 0 0 0 0 0 0 0 0 0 0 0 0 0 0 -1 1
             -1 1]];
b = [[0 0 0 0 0 0 0 1 2 1 1 1 1 2 2 1 0 0 0 0 0 0 -9007199254740991 -9007199254740991]
             [2 1 1 2 2 1 1 1 0 0 0 0 0 0 0 0 0 0 0 0 0 0 -9007199254740991
             -9007199254740991]
             [0 0 0 0 0 0 0 0 0 0 0 0 0 0 0 0 0 0 1 1 1 1 -9007199254740991
             -9007199254740991]
             [0 0 0 0 0 0 0 0 0 0 0 0 0 0 0 0 0 0 0 1 1 1 -9007199254740991
             -9007199254740991]];
c = [[-9007199254740991 25 25 25 25 25 25 50 99 50 26 74 26 99 75 50 1 25 25
             25 25 25 -9007199254740991 -9007199254740991]
             [-9007199254740991 50 26 99 75 50 26 74 1 25 25 25 25 25 25 25
             25 25 25 25 25 25 -9007199254740991 -9007199254740991]
             [-9007199254740991 25 25 25 25 25 25 25 25 25 25 25 25 25 25 25
             25 25 50 74 26 74 -9007199254740991 -9007199254740991]
             [-9007199254740991 25 25 25 25 25 25 25 25 25 25 25 25 25 25 25
             25 25 25 50 74 26 -9007199254740991 -9007199254740991]];
d = [[7 7 7 7 7 7 7 7 6 5 5 4 4 3 2 1 1 1 1 1 1 1 -9007199254740991 -9007199254740991]
             [6 5 5 4 3 2 2 1 1 1 1 1 1 1 1 1 1 1 1 1 1 1 -9007199254740991
             -9007199254740991]
             [4 4 4 4 4 4 4 4 4 4 4 4 4 4 4 4 4 4 4 3 3 2 -9007199254740991
             -9007199254740991]
             [3 3 3 3 3 3 3 3 3 3 3 3 3 3 3 3 3 3 3 3 2 2 -9007199254740991
             -9007199254740991]];

*/